ext
ch 1
674196
ch 5
159941
154939
22794
483788
834131
ch 5
536196
1741
402024
507142
149113
ch 6
201088
658661
992848
20077
647324
605919
ch 7
817072
809334
280388
595572
674262
134947
970234
ch 3
456971
175779
908584
ch 6
400327
248236
371121
536019
385224
957033
ch 10
105258
595140
998304
889799
90962
705365
21190
618036
690373
277719
ext
ext
ch 8
959
199122
278445
987506
722484
161005
720985
915085
ext
ch 6
867698
396259
85775
596306
27215
505405
ext
ch 4
283708
625963
846984
705249
ext
ch 7
713186
640634
168311
678169
2801
913885
704684
ch 5
170753
959878
81116
273510
645552
ext
ch 4
810790
79055
236163
560883
ch 8
538330
116055
279430
219560
935869
163040
899716
491074
ch 3
863589
561596
119278
ch 6
33617
288555
215699
561806
691985
273052
ch 3
749724
173009
250650
ch 10
512644
335487
588110
46799
692316
829594
781505
579267
985393
668420
ch 1
91584
ch 10
825601
779301
942534
426789
565868
940105
327114
686801
525933
312456
ext
ch 7
517224
397374
477772
527393
417418
980353
347008
ch 8
417917
462667
606867
727610
150608
346686
229280
711401
ch 6
828837
284657
587397
316255
140192
973977
ch 7
915034
998778
804431
118269
183069
819065
845767
ch 4
976082
481403
224652
631622
ch 8
915668
784691
102678
469791
497833
402143
252552
429280
ch 8
650556
626385
46454
904563
705679
913863
542507
161076
ch 6
553332
848716
537412
653795
500918
331409
ch 2
249993
863162
ch 4
837729
332562
293063
636039
ch 2
509426
711785
ch 1
5233
ch 2
714776
908248
ext
ch 1
54058
ext
ch 6
459158
563522
690357
166232
943008
568619
ch 5
636764
493064
400911
405613
619468
ch 5
900506
745123
867618
611937
363118
ch 10
317206
588687
309793
843010
134228
219990
31053
856732
32133
163664
ext
ch 2
34202
38718
ch 3
427944
506328
672933
ch 1
946722
ch 10
800463
735694
568432
471771
625729
549205
47022
620021
952770
655753
ext
ch 8
981340
980833
27186
572024
881920
60534
609545
624154
ch 8
660117
100401
489528
502914
800907
46782
50627
68005
ext
ch 4
334746
870210
811489
900452
ch 8
28532
513890
267712
90711
727547
426074
702933
302623
ch 7
825294
691982
457440
378243
79676
22603
54274
ch 5
809453
409368
536746
386779
194962
ch 3
542114
250454
869721
ch 5
82134
242689
58324
181167
976742
ch 10
194012
531108
321380
593344
660861
566129
9797
122614
995110
647877
ext
ch 6
976684
36269
562036
401342
659358
536550
ch 1
450018
ext
ch 4
4037
354126
764192
759858
ext
ext
ext
ext
ch 1
702393
ch 3
549908
520493
923797
ch 10
756509
77972
626675
715257
401479
528899
931644
649601
953604
505488
ch 7
900766
714428
66741
240071
47491
785252
331604
ch 5
173515
630088
478542
181452
215657
ext
ch 9
751613
166868
107329
225789
201156
956835
787689
770709
753474
ch 9
969815
825644
694341
51728
390074
556401
209956
63003
811941
ch 2
988064
588641
ch 2
695165
969457
ch 7
428733
220637
855615
633484
974940
574454
654965
ch 9
158349
706059
701548
861688
628516
534281
795117
88776
373230
ch 4
643044
113984
390244
235398
ext
ch 8
290416
858925
397025
618795
85041
758454
750231
704370
ch 6
710278
383889
521134
784247
441343
642539
ch 9
18489
252096
83266
915406
613871
719137
844853
340780
968920
ch 9
944022
225383
455951
799594
873630
518215
24684
558707
353068
ch 5
761629
758319
970398
646613
611475
ext
ch 1
233075
ch 8
741005
104770
473092
863817
469541
60012
983133
383854
ch 1
645317
ch 1
852234
ch 8
548647
146903
386155
555219
721430
954801
828569
855021
ch 9
917069
156722
471232
641582
322400
161921
904039
759057
489446
show
exit
